0.000000	1.000000	
0.140110	2.000000	
0.181010	3.000000	
0.181870	4.000000	
0.221920	5.000000	
0.222770	6.000000	
0.223620	7.000000	
0.224470	8.000000	
0.262820	9.000000	
0.263670	10.000000	
0.264520	11.000000	
0.264520	10.000000	
0.265380	11.000000	
0.265380	10.000000	
0.266230	11.000000	
0.266230	10.000000	
0.267080	11.000000	
0.267080	10.000000	
0.267930	11.000000	
0.267930	10.000000	
0.268790	11.000000	
0.268790	10.000000	
0.304480	11.000000	
0.304480	10.000000	
0.304570	11.000000	
0.304570	10.000000	
0.305430	11.000000	
0.305430	10.000000	
0.306280	11.000000	
0.306280	10.000000	
0.307130	11.000000	
0.307130	10.000000	
0.307980	11.000000	
0.307980	10.000000	
0.308840	11.000000	
0.308840	10.000000	
0.309690	11.000000	
0.309690	10.000000	
0.310540	11.000000	
0.310540	10.000000	
0.311400	11.000000	
0.311400	10.000000	
0.348980	11.000000	
0.348980	10.000000	
0.349040	11.000000	
0.349040	10.000000	
0.349100	11.000000	
0.349100	10.000000	
0.349160	11.000000	
0.349160	10.000000	
0.349230	11.000000	
0.349230	10.000000	
0.349650	11.000000	
0.349650	10.000000	
0.350500	11.000000	
0.350500	10.000000	
0.351360	11.000000	
0.351360	10.000000	
0.352210	11.000000	
0.352210	10.000000	
0.353060	11.000000	
0.353060	10.000000	
0.390590	11.000000	
0.390590	10.000000	
0.401620	11.000000	
0.401620	10.000000	
0.401680	11.000000	
0.401680	10.000000	
0.401740	11.000000	
0.401740	10.000000	
0.401800	11.000000	
0.401800	10.000000	
0.401860	11.000000	
0.401860	10.000000	
0.401920	11.000000	
0.401920	10.000000	
0.401980	11.000000	
0.401980	10.000000	
0.402040	11.000000	
0.402040	10.000000	
0.402100	11.000000	
0.402100	10.000000	
0.432490	11.000000	
0.432490	10.000000	
0.442520	11.000000	
0.442520	10.000000	
0.443370	11.000000	
0.443370	10.000000	
0.444230	11.000000	
0.444230	10.000000	
0.482490	11.000000	
0.482490	10.000000	
0.484350	11.000000	
0.484350	10.000000	
0.485320	11.000000	
0.485320	10.000000	
0.486420	11.000000	
0.486420	10.000000	
0.489290	11.000000	
0.489290	10.000000	
0.489490	11.000000	
0.489490	10.000000	
0.489550	11.000000	
0.489550	10.000000	
0.495240	11.000000	
0.495240	10.000000	
0.495300	11.000000	
0.495300	10.000000	
0.495360	11.000000	
0.495360	10.000000	
0.523390	11.000000	
0.523390	10.000000	
0.525250	11.000000	
0.525250	10.000000	
0.526220	11.000000	
0.526220	10.000000	
0.527330	11.000000	
0.527330	10.000000	
0.530190	11.000000	
0.530190	10.000000	
0.531050	11.000000	
0.531050	10.000000	
0.531980	11.000000	
0.531980	10.000000	
0.536310	11.000000	
0.536310	10.000000	
0.537000	11.000000	
0.537000	10.000000	
0.537850	11.000000	
0.537850	10.000000	
0.564290	11.000000	
0.564290	10.000000	
0.566150	11.000000	
0.566150	10.000000	
0.567120	11.000000	
0.567120	10.000000	
0.568230	11.000000	
0.568230	10.000000	
0.571100	11.000000	
0.571100	10.000000	
0.571950	11.000000	
0.571950	10.000000	
0.572880	11.000000	
0.572880	10.000000	
0.577220	11.000000	
0.577220	10.000000	
0.578070	11.000000	
0.578070	10.000000	
0.578920	11.000000	
0.578920	10.000000	
0.605200	11.000000	
0.605200	10.000000	
0.607060	11.000000	
0.607060	10.000000	
0.608020	11.000000	
0.608020	10.000000	
0.609130	11.000000	
0.609130	10.000000	
0.612000	11.000000	
0.612000	10.000000	
0.612850	11.000000	
0.612850	10.000000	
0.613780	11.000000	
0.613780	10.000000	
0.618120	11.000000	
0.618120	10.000000	
0.618970	11.000000	
0.618970	10.000000	
0.619820	11.000000	
0.619820	10.000000	
0.646100	11.000000	
0.646100	10.000000	
0.647960	11.000000	
0.647960	10.000000	
0.648930	11.000000	
0.648930	10.000000	
0.650030	11.000000	
0.650030	10.000000	
0.652900	11.000000	
0.652900	10.000000	
0.653750	11.000000	
0.653750	10.000000	
0.654690	11.000000	
0.654690	10.000000	
0.659020	11.000000	
0.659020	10.000000	
0.659870	11.000000	
0.659870	10.000000	
0.660730	11.000000	
0.660730	10.000000	
0.687000	11.000000	
0.687000	10.000000	
0.688860	11.000000	
0.688860	10.000000	
0.689830	11.000000	
0.689830	10.000000	
0.690940	11.000000	
0.690940	10.000000	
0.693800	11.000000	
0.693800	10.000000	
0.694660	11.000000	
0.694660	10.000000	
0.695590	11.000000	
0.695590	10.000000	
0.699920	11.000000	
0.699920	10.000000	
0.700780	11.000000	
0.700780	10.000000	
0.701630	11.000000	
0.701630	10.000000	
0.727900	11.000000	
0.727900	10.000000	
0.729760	11.000000	
0.729760	10.000000	
0.730730	11.000000	
0.730730	10.000000	
0.731840	11.000000	
0.731840	10.000000	
0.734700	11.000000	
0.734700	10.000000	
0.735560	11.000000	
0.735560	10.000000	
0.736490	11.000000	
0.736490	10.000000	
0.740820	11.000000	
0.740820	10.000000	
0.741680	11.000000	
0.741680	10.000000	
0.742530	11.000000	
0.742530	10.000000	
0.768810	11.000000	
0.768810	10.000000	
0.770660	11.000000	
0.770660	10.000000	
0.771630	11.000000	
0.771630	10.000000	
0.772740	11.000000	
0.772740	10.000000	
0.775610	11.000000	
0.775610	10.000000	
0.776460	11.000000	
0.776460	10.000000	
0.777390	11.000000	
0.777390	10.000000	
0.781730	11.000000	
0.781730	10.000000	
0.782580	11.000000	
0.782580	10.000000	
0.783430	11.000000	
0.783430	10.000000	
0.809710	11.000000	
0.809710	10.000000	
0.811570	11.000000	
0.811570	10.000000	
0.812540	11.000000	
0.812540	10.000000	
0.813640	11.000000	
0.813640	10.000000	
0.816510	11.000000	
0.816510	10.000000	
0.817360	11.000000	
0.817360	10.000000	
0.818300	11.000000	
0.818300	10.000000	
0.822630	11.000000	
0.822630	10.000000	
0.823480	11.000000	
0.823480	10.000000	
0.824340	11.000000	
0.824340	10.000000	
0.850610	11.000000	
0.850610	10.000000	
0.852470	11.000000	
0.852470	10.000000	
0.853440	11.000000	
0.853440	10.000000	
0.854550	11.000000	
0.854550	10.000000	
0.857410	11.000000	
0.857410	10.000000	
0.858260	11.000000	
0.858260	10.000000	
0.859200	11.000000	
0.859200	10.000000	
0.863530	11.000000	
0.863530	10.000000	
0.864380	11.000000	
0.864380	10.000000	
0.865240	11.000000	
0.865240	10.000000	
0.891510	11.000000	
0.891510	10.000000	
0.893370	11.000000	
0.893370	10.000000	
0.894340	11.000000	
0.894340	10.000000	
0.895450	11.000000	
0.895450	10.000000	
0.898310	11.000000	
0.898310	10.000000	
0.899170	11.000000	
0.899170	10.000000	
0.900100	11.000000	
0.900100	10.000000	
0.904430	11.000000	
0.904430	10.000000	
0.905290	11.000000	
0.905290	10.000000	
0.906140	11.000000	
0.906140	10.000000	
0.932420	11.000000	
0.932420	10.000000	
0.934270	11.000000	
0.934270	10.000000	
0.935240	11.000000	
0.935240	10.000000	
0.936350	11.000000	
0.936350	10.000000	
0.939220	11.000000	
0.939220	10.000000	
0.940070	11.000000	
0.940070	10.000000	
0.941000	11.000000	
0.941000	10.000000	
0.945340	11.000000	
0.945340	10.000000	
0.946190	11.000000	
0.946190	10.000000	
0.947040	11.000000	
0.947040	10.000000	
0.973320	11.000000	
0.973320	10.000000	
0.975180	11.000000	
0.975180	10.000000	
0.976140	11.000000	
0.976140	10.000000	
0.977250	11.000000	
0.977250	10.000000	
0.980120	11.000000	
0.980120	10.000000	
0.980970	11.000000	
0.980970	10.000000	
0.981910	11.000000	
0.981910	10.000000	
0.986240	11.000000	
0.986240	10.000000	
0.987090	11.000000	
0.987090	10.000000	
0.987940	11.000000	
0.987940	10.000000	
1.014220	11.000000	
1.014220	10.000000	
1.016080	11.000000	
1.016080	10.000000	
1.017050	11.000000	
1.017050	10.000000	
1.018160	11.000000	
1.018160	10.000000	
1.021020	11.000000	
1.021020	10.000000	
1.021870	11.000000	
1.021870	10.000000	
1.022810	11.000000	
1.022810	10.000000	
1.027140	11.000000	
1.027140	10.000000	
1.027990	11.000000	
1.027990	10.000000	
1.028850	11.000000	
1.028850	10.000000	
1.055120	11.000000	
1.055120	10.000000	
1.056980	11.000000	
1.056980	10.000000	
1.057950	11.000000	
1.057950	10.000000	
1.059060	11.000000	
1.059060	10.000000	
1.061920	11.000000	
1.061920	10.000000	
1.062780	11.000000	
1.062780	10.000000	
1.063710	11.000000	
1.063710	10.000000	
1.068040	11.000000	
1.068040	10.000000	
1.068900	11.000000	
1.068900	10.000000	
1.069750	11.000000	
1.069750	10.000000	
1.096020	11.000000	
1.096020	10.000000	
1.097880	11.000000	
1.097880	10.000000	
1.098850	11.000000	
1.098850	10.000000	
1.099960	11.000000	
1.099960	10.000000	
1.102830	11.000000	
1.102830	10.000000	
1.103680	11.000000	
1.103680	10.000000	
1.104610	11.000000	
1.104610	10.000000	
1.108950	11.000000	
1.108950	10.000000	
1.109800	11.000000	
1.109800	10.000000	
1.110650	11.000000	
1.110650	10.000000	
1.136930	11.000000	
1.136930	10.000000	
1.138790	11.000000	
1.138790	10.000000	
1.139750	11.000000	
1.139750	10.000000	
1.140860	11.000000	
1.140860	10.000000	
1.143730	11.000000	
1.143730	10.000000	
1.144580	11.000000	
1.144580	10.000000	
1.145520	11.000000	
1.145520	10.000000	
1.149850	11.000000	
1.149850	10.000000	
1.150700	11.000000	
1.150700	10.000000	
1.151550	11.000000	
1.151550	10.000000	
1.177830	11.000000	
1.177830	10.000000	
1.179690	11.000000	
1.179690	10.000000	
1.180660	11.000000	
1.180660	10.000000	
1.181770	11.000000	
1.181770	10.000000	
1.184630	11.000000	
1.184630	10.000000	
1.185480	11.000000	
1.185480	10.000000	
1.186420	11.000000	
1.186420	10.000000	
1.190750	11.000000	
1.190750	10.000000	
1.191600	11.000000	
1.191600	10.000000	
1.192460	11.000000	
1.192460	10.000000	
1.218730	11.000000	
1.218730	10.000000	
1.220590	11.000000	
1.220590	10.000000	
1.221560	11.000000	
1.221560	10.000000	
1.222670	11.000000	
1.222670	10.000000	
1.225530	11.000000	
1.225530	10.000000	
1.226390	11.000000	
1.226390	10.000000	
1.227320	11.000000	
1.227320	10.000000	
1.231650	11.000000	
1.231650	10.000000	
1.232510	11.000000	
1.232510	10.000000	
1.233360	11.000000	
1.233360	10.000000	
1.259630	11.000000	
1.259630	10.000000	
1.261490	11.000000	
1.261490	10.000000	
1.262460	11.000000	
1.262460	10.000000	
1.263570	11.000000	
1.263570	10.000000	
1.266440	11.000000	
1.266440	10.000000	
1.267290	11.000000	
1.267290	10.000000	
1.268220	11.000000	
1.268220	10.000000	
1.272560	11.000000	
1.272560	10.000000	
1.273410	11.000000	
1.273410	10.000000	
1.274260	11.000000	
1.274260	10.000000	
1.300540	11.000000	
1.300540	10.000000	
1.302400	11.000000	
1.302400	10.000000	
1.303360	11.000000	
1.303360	10.000000	
1.304470	11.000000	
1.304470	10.000000	
1.307340	11.000000	
1.307340	10.000000	
1.308190	11.000000	
1.308190	10.000000	
1.309130	11.000000	
1.309130	10.000000	
1.313460	11.000000	
1.313460	10.000000	
1.314310	11.000000	
1.314310	10.000000	
1.315160	11.000000	
1.315160	10.000000	
1.341440	11.000000	
1.341440	10.000000	
1.343300	11.000000	
1.343300	10.000000	
1.344270	11.000000	
1.344270	10.000000	
1.345380	11.000000	
1.345380	10.000000	
1.348240	11.000000	
1.348240	10.000000	
1.349090	11.000000	
1.349090	10.000000	
1.350030	11.000000	
1.350030	10.000000	
1.354360	11.000000	
1.354360	10.000000	
1.355210	11.000000	
1.355210	10.000000	
1.356070	11.000000	
1.356070	10.000000	
1.382340	11.000000	
1.382340	10.000000	
1.384200	11.000000	
1.384200	10.000000	
1.385170	11.000000	
1.385170	10.000000	
1.386280	11.000000	
1.386280	10.000000	
1.389140	11.000000	
1.389140	10.000000	
1.390000	11.000000	
1.390000	10.000000	
1.390930	11.000000	
1.390930	10.000000	
1.395260	11.000000	
1.395260	10.000000	
1.396120	11.000000	
1.396120	10.000000	
1.396970	11.000000	
1.396970	10.000000	
1.423240	11.000000	
1.423240	10.000000	
1.425100	11.000000	
1.425100	10.000000	
1.426070	11.000000	
1.426070	10.000000	
1.427180	11.000000	
1.427180	10.000000	
1.430050	11.000000	
1.430050	10.000000	
1.430900	11.000000	
1.430900	10.000000	
1.431830	11.000000	
1.431830	10.000000	
1.436170	11.000000	
1.436170	10.000000	
1.437020	11.000000	
1.437020	10.000000	
1.437870	11.000000	
1.437870	10.000000	
1.464150	11.000000	
1.464150	10.000000	
1.466010	11.000000	
1.466010	10.000000	
1.466970	11.000000	
1.466970	10.000000	
1.468080	11.000000	
1.468080	10.000000	
1.470950	11.000000	
1.470950	10.000000	
1.471800	11.000000	
1.471800	10.000000	
1.472740	11.000000	
1.472740	10.000000	
1.477070	11.000000	
1.477070	10.000000	
1.477920	11.000000	
1.477920	10.000000	
1.478770	11.000000	
1.478770	10.000000	
1.505050	11.000000	
1.505050	10.000000	
1.506910	11.000000	
1.506910	10.000000	
1.507880	11.000000	
1.507880	10.000000	
1.508980	11.000000	
1.508980	10.000000	
1.511850	11.000000	
1.511850	10.000000	
1.512700	11.000000	
1.512700	10.000000	
1.513640	11.000000	
1.513640	10.000000	
1.517970	11.000000	
1.517970	10.000000	
1.518820	11.000000	
1.518820	10.000000	
1.519680	11.000000	
1.519680	10.000000	
1.719680	1.000000	
2.040900	2.000000	
2.081800	3.000000	
2.082660	4.000000	
2.122710	5.000000	
2.123560	6.000000	
2.124410	7.000000	
2.125270	8.000000	
2.163610	9.000000	
2.164460	10.000000	
2.165320	11.000000	
2.165320	10.000000	
2.166170	11.000000	
2.166170	10.000000	
2.167020	11.000000	
2.167020	10.000000	
2.167870	11.000000	
2.167870	10.000000	
2.168730	11.000000	
2.168730	10.000000	
2.169580	11.000000	
2.169580	10.000000	
2.204510	11.000000	
2.204510	10.000000	
2.205360	11.000000	
2.205360	10.000000	
2.206220	11.000000	
2.206220	10.000000	
2.207070	11.000000	
2.207070	10.000000	
2.207920	11.000000	
2.207920	10.000000	
2.208780	11.000000	
2.208780	10.000000	
2.209630	11.000000	
2.209630	10.000000	
2.210480	11.000000	
2.210480	10.000000	
2.211330	11.000000	
2.211330	10.000000	
2.212190	11.000000	
2.212190	10.000000	
2.245410	11.000000	
2.245410	10.000000	
2.246270	11.000000	
2.246270	10.000000	
2.247120	11.000000	
2.247120	10.000000	
2.247970	11.000000	
2.247970	10.000000	
2.248830	11.000000	
2.248830	10.000000	
2.249680	11.000000	
2.249680	10.000000	
2.250530	11.000000	
2.250530	10.000000	
2.251380	11.000000	
2.251380	10.000000	
2.252240	11.000000	
2.252240	10.000000	
2.253090	11.000000	
2.253090	10.000000	
2.286320	11.000000	
2.286320	10.000000	
2.287170	11.000000	
2.287170	10.000000	
2.288020	11.000000	
2.288020	10.000000	
2.288880	11.000000	
2.288880	10.000000	
2.289730	11.000000	
2.289730	10.000000	
2.290580	11.000000	
2.290580	10.000000	
2.291430	11.000000	
2.291430	10.000000	
2.292290	11.000000	
2.292290	10.000000	
2.293140	11.000000	
2.293140	10.000000	
2.293990	11.000000	
2.293990	10.000000	
2.327220	11.000000	
2.327220	10.000000	
2.328070	11.000000	
2.328070	10.000000	
2.328920	11.000000	
2.328920	10.000000	
2.329780	11.000000	
2.329780	10.000000	
2.330630	11.000000	
2.330630	10.000000	
2.331480	11.000000	
2.331480	10.000000	
2.332340	11.000000	
2.332340	10.000000	
2.333190	11.000000	
2.333190	10.000000	
2.334040	11.000000	
2.334040	10.000000	
2.334890	11.000000	
2.334890	10.000000	
2.368120	11.000000	
2.368120	10.000000	
2.368970	11.000000	
2.368970	10.000000	
2.369830	11.000000	
2.369830	10.000000	
2.370680	11.000000	
2.370680	10.000000	
2.371530	11.000000	
2.371530	10.000000	
2.372390	11.000000	
2.372390	10.000000	
2.373240	11.000000	
2.373240	10.000000	
2.374090	11.000000	
2.374090	10.000000	
2.374940	11.000000	
2.374940	10.000000	
2.375800	11.000000	
2.375800	10.000000	
2.409020	11.000000	
2.409020	10.000000	
2.409880	11.000000	
2.409880	10.000000	
2.410730	11.000000	
2.410730	10.000000	
2.411580	11.000000	
2.411580	10.000000	
2.412440	11.000000	
2.412440	10.000000	
2.413290	11.000000	
2.413290	10.000000	
2.414140	11.000000	
2.414140	10.000000	
2.414990	11.000000	
2.414990	10.000000	
2.415850	11.000000	
2.415850	10.000000	
2.416700	11.000000	
2.416700	10.000000	
2.449930	11.000000	
2.449930	10.000000	
2.450780	11.000000	
2.450780	10.000000	
2.451630	11.000000	
2.451630	10.000000	
2.452480	11.000000	
2.452480	10.000000	
2.453340	11.000000	
2.453340	10.000000	
2.454190	11.000000	
2.454190	10.000000	
2.455040	11.000000	
2.455040	10.000000	
2.455900	11.000000	
2.455900	10.000000	
2.456750	11.000000	
2.456750	10.000000	
2.457600	11.000000	
2.457600	10.000000	
2.490830	11.000000	
2.490830	10.000000	
2.491680	11.000000	
2.491680	10.000000	
2.492530	11.000000	
2.492530	10.000000	
2.493390	11.000000	
2.493390	10.000000	
2.494240	11.000000	
2.494240	10.000000	
2.495090	11.000000	
2.495090	10.000000	
2.495950	11.000000	
2.495950	10.000000	
2.496800	11.000000	
2.496800	10.000000	
2.497650	11.000000	
2.497650	10.000000	
2.498500	11.000000	
2.498500	10.000000	
2.531730	11.000000	
2.531730	10.000000	
2.532580	11.000000	
2.532580	10.000000	
2.533440	11.000000	
2.533440	10.000000	
2.534290	11.000000	
2.534290	10.000000	
2.535140	11.000000	
2.535140	10.000000	
2.536000	11.000000	
2.536000	10.000000	
2.536850	11.000000	
2.536850	10.000000	
2.537700	11.000000	
2.537700	10.000000	
2.538550	11.000000	
2.538550	10.000000	
2.539410	11.000000	
2.539410	10.000000	
2.572630	11.000000	
2.572630	10.000000	
2.573490	11.000000	
2.573490	10.000000	
2.574340	11.000000	
2.574340	10.000000	
2.575190	11.000000	
2.575190	10.000000	
2.576040	11.000000	
2.576040	10.000000	
2.576900	11.000000	
2.576900	10.000000	
2.577750	11.000000	
2.577750	10.000000	
2.578600	11.000000	
2.578600	10.000000	
2.579460	11.000000	
2.579460	10.000000	
2.580310	11.000000	
2.580310	10.000000	
2.613540	11.000000	
2.613540	10.000000	
2.614390	11.000000	
2.614390	10.000000	
2.615240	11.000000	
2.615240	10.000000	
2.616090	11.000000	
2.616090	10.000000	
2.616950	11.000000	
2.616950	10.000000	
2.617800	11.000000	
2.617800	10.000000	
2.618650	11.000000	
2.618650	10.000000	
2.619510	11.000000	
2.619510	10.000000	
2.620360	11.000000	
2.620360	10.000000	
2.621210	11.000000	
2.621210	10.000000	
2.654440	11.000000	
2.654440	10.000000	
2.655290	11.000000	
2.655290	10.000000	
2.656140	11.000000	
2.656140	10.000000	
2.657000	11.000000	
2.657000	10.000000	
2.657850	11.000000	
2.657850	10.000000	
2.658700	11.000000	
2.658700	10.000000	
2.659560	11.000000	
2.659560	10.000000	
2.660410	11.000000	
2.660410	10.000000	
2.661260	11.000000	
2.661260	10.000000	
2.662110	11.000000	
2.662110	10.000000	
2.697360	11.000000	
2.697360	10.000000	
2.697420	11.000000	
2.697420	10.000000	
2.697480	11.000000	
2.697480	10.000000	
2.697900	11.000000	
2.697900	10.000000	
2.698750	11.000000	
2.698750	10.000000	
2.699600	11.000000	
2.699600	10.000000	
2.700460	11.000000	
2.700460	10.000000	
2.701310	11.000000	
2.701310	10.000000	
2.702160	11.000000	
2.702160	10.000000	
2.703020	11.000000	
2.703020	10.000000	
2.739100	11.000000	
2.739100	10.000000	
2.739180	11.000000	
2.739180	10.000000	
2.743830	11.000000	
2.743830	10.000000	
2.743890	11.000000	
2.743890	10.000000	
2.743950	11.000000	
2.743950	10.000000	
2.744010	11.000000	
2.744010	10.000000	
2.744070	11.000000	
2.744070	10.000000	
2.744230	11.000000	
2.744230	10.000000	
2.745080	11.000000	
2.745080	10.000000	
2.747690	11.000000	
2.747690	10.000000	
2.780530	11.000000	
2.780530	10.000000	
2.781550	11.000000	
2.781550	10.000000	
2.785180	11.000000	
2.785180	10.000000	
2.786550	11.000000	
2.786550	10.000000	
2.786610	11.000000	
2.786610	10.000000	
2.789520	11.000000	
2.789520	10.000000	
2.789580	11.000000	
2.789580	10.000000	
2.789640	11.000000	
2.789640	10.000000	
2.790200	11.000000	
2.790200	10.000000	
2.791060	11.000000	
2.791060	10.000000	
2.821790	11.000000	
2.821790	10.000000	
2.831700	11.000000	
2.831700	10.000000	
2.831760	11.000000	
2.831760	10.000000	
2.831820	11.000000	
2.831820	10.000000	
2.831880	11.000000	
2.831880	10.000000	
2.831940	11.000000	
2.831940	10.000000	
2.832000	11.000000	
2.832000	10.000000	
2.832130	11.000000	
2.832130	10.000000	
2.833000	11.000000	
2.833000	10.000000	
2.834090	11.000000	
2.834090	10.000000	
2.863370	11.000000	
2.863370	10.000000	
2.873150	11.000000	
2.873150	10.000000	
2.879100	11.000000	
2.879100	10.000000	
2.879160	11.000000	
2.879160	10.000000	
2.879220	11.000000	
2.879220	10.000000	
2.879280	11.000000	
2.879280	10.000000	
2.879570	11.000000	
2.879570	10.000000	
2.880500	11.000000	
2.880500	10.000000	
2.895210	11.000000	
2.895210	10.000000	
2.896080	11.000000	
2.896080	10.000000	
2.904920	11.000000	
2.904920	10.000000	
2.916150	11.000000	
2.916150	10.000000	
2.923240	11.000000	
2.923240	10.000000	
2.923300	11.000000	
2.923300	10.000000	
2.923360	11.000000	
2.923360	10.000000	
2.923420	11.000000	
2.923420	10.000000	
2.923920	11.000000	
2.923920	10.000000	
2.924840	11.000000	
2.924840	10.000000	
2.937990	11.000000	
2.937990	10.000000	
2.947090	11.000000	
2.947090	10.000000	
2.948100	11.000000	
2.948100	10.000000	
2.969990	11.000000	
2.969990	10.000000	
2.970050	11.000000	
2.970050	10.000000	
2.970190	11.000000	
2.970190	10.000000	
2.970260	11.000000	
2.970260	10.000000	
2.970320	11.000000	
2.970320	10.000000	
2.970510	11.000000	
2.970510	10.000000	
2.970570	11.000000	
2.970570	10.000000	
3.016880	11.000000	
3.016880	10.000000	
3.016950	11.000000	
3.016950	10.000000	
3.017010	11.000000	
3.017010	10.000000	
3.017070	11.000000	
3.017070	10.000000	
3.017340	11.000000	
3.017340	10.000000	
3.017420	11.000000	
3.017420	10.000000	
3.017480	11.000000	
3.017480	10.000000	
3.017540	11.000000	
3.017540	10.000000	
3.031530	11.000000	
3.031530	10.000000	
3.032380	11.000000	
3.032380	10.000000	
3.232380	1.000000	
