0.000000	1.000000	
0.240110	2.000000	
0.281010	3.000000	
0.281870	4.000000	
0.321920	5.000000	
0.322770	6.000000	
0.323620	7.000000	
0.324470	8.000000	
0.362820	9.000000	
0.363670	10.000000	
0.364520	11.000000	
0.365380	12.000000	
0.366250	13.000000	
0.367170	14.000000	
0.368050	15.000000	
0.368970	16.000000	
0.403720	17.000000	
0.404570	18.000000	
0.405430	19.000000	
0.406280	20.000000	
0.407130	20.050000	
0.407980	20.100000	
0.408840	20.150000	
0.409690	20.199000	
0.410540	20.249000	
0.411670	20.298000	
0.412590	20.347000	
0.413470	20.397000	
0.414390	20.446000	
0.415320	20.494000	
0.416170	20.543000	
0.417040	20.592000	
0.445220	20.641000	
0.446140	20.689000	
0.447070	20.737000	
0.447990	20.786000	
0.449030	20.834000	
0.449890	20.882000	
0.450740	20.930000	
0.451590	20.977000	
0.452460	21.025000	
0.453400	21.073000	
0.454250	21.120000	
0.455100	21.167000	
0.455960	21.215000	
0.456810	21.262000	
0.457660	21.309000	
0.458520	21.356000	
0.459440	21.403000	
0.460290	21.449000	
0.461150	21.496000	
0.462600	21.542000	
0.487360	21.589000	
0.498030	21.635000	
0.498880	21.681000	
0.499730	21.727000	
0.500590	21.773000	
0.501440	21.819000	
0.502290	21.865000	
0.503400	21.911000	
0.504250	21.957000	
0.505290	22.002000	
0.506230	22.048000	
0.507340	22.093000	
0.508270	22.138000	
0.509140	22.183000	
0.511070	22.228000	
0.511990	22.273000	
0.512510	22.318000	
0.513380	22.363000	
0.514310	22.408000	
0.515230	22.453000	
0.528260	22.497000	
0.538930	22.542000	
0.539780	22.586000	
0.540640	22.630000	
0.541490	22.674000	
0.542340	22.718000	
0.543190	22.762000	
0.544300	22.806000	
0.545160	22.850000	
0.546200	22.894000	
0.547130	22.938000	
0.548240	22.981000	
0.549170	23.025000	
0.550050	23.068000	
0.551970	23.112000	
0.552890	23.155000	
0.553740	23.198000	
0.554600	23.241000	
0.555450	23.284000	
0.556300	23.327000	
0.569160	23.370000	
0.579830	23.413000	
0.580690	23.455000	
0.581540	23.498000	
0.582390	23.541000	
0.583240	23.583000	
0.584100	23.626000	
0.585210	23.668000	
0.586060	23.710000	
0.587100	23.752000	
0.588030	23.794000	
0.589140	23.836000	
0.590080	23.878000	
0.590950	23.920000	
0.592870	23.962000	
0.593790	24.004000	
0.594650	24.045000	
0.595500	24.087000	
0.596350	24.129000	
0.597210	24.170000	
0.610070	24.211000	
0.620740	24.253000	
0.621590	24.294000	
0.622440	24.335000	
0.623290	24.376000	
0.624150	24.417000	
0.625000	24.458000	
0.626110	24.499000	
0.626960	24.540000	
0.628000	24.581000	
0.628940	24.621000	
0.630040	24.662000	
0.630980	24.702000	
0.631850	24.743000	
0.633780	24.783000	
0.634700	24.824000	
0.635550	24.864000	
0.636400	24.904000	
0.637260	24.944000	
0.638110	24.984000	
0.650970	25.024000	
0.661640	25.064000	
0.662490	25.104000	
0.663340	25.144000	
0.664200	25.184000	
0.665050	25.224000	
0.665900	25.263000	
0.667010	25.303000	
0.667860	25.342000	
0.668900	25.382000	
0.669840	25.421000	
0.670950	25.461000	
0.671880	25.500000	
0.672750	25.539000	
0.674680	25.578000	
0.675600	25.617000	
0.676450	25.656000	
0.677300	25.695000	
0.678160	25.734000	
0.679010	25.773000	
0.691870	25.812000	
0.702540	25.851000	
0.703390	25.889000	
0.704250	25.928000	
0.705100	25.967000	
0.705950	26.005000	
0.706800	26.044000	
0.707910	26.082000	
0.708770	26.120000	
0.709810	26.159000	
0.710740	26.197000	
0.711850	26.235000	
0.712780	26.273000	
0.713660	26.311000	
0.715580	26.349000	
0.716500	26.387000	
0.717350	26.425000	
0.718210	26.463000	
0.719060	26.501000	
0.719910	26.538000	
0.732770	26.576000	
0.743440	26.614000	
0.744300	26.651000	
0.745150	26.689000	
0.746000	26.726000	
0.746850	26.764000	
0.747710	26.801000	
0.748820	26.838000	
0.749670	26.876000	
0.750710	26.913000	
0.751640	26.950000	
0.752750	26.987000	
0.753690	27.024000	
0.754560	27.061000	
0.756480	27.098000	
0.757400	27.135000	
0.758260	27.172000	
0.759110	27.209000	
0.759960	27.245000	
0.760820	27.282000	
0.773680	27.319000	
0.784340	27.355000	
0.785200	27.392000	
0.786050	27.428000	
0.786900	27.465000	
0.787760	27.501000	
0.788610	27.538000	
0.789720	27.574000	
0.790570	27.610000	
0.791610	27.646000	
0.792540	27.683000	
0.793650	27.719000	
0.794590	27.755000	
0.795460	27.791000	
0.797380	27.827000	
0.798310	27.863000	
0.799160	27.899000	
0.800010	27.934000	
0.800860	27.970000	
0.801720	28.006000	
0.814580	28.042000	
0.825250	28.077000	
0.826100	28.113000	
0.826950	28.149000	
0.827810	28.184000	
0.828660	28.220000	
0.829510	28.255000	
0.830620	28.290000	
0.831470	28.326000	
0.832510	28.361000	
0.833450	28.396000	
0.834560	28.432000	
0.835490	28.467000	
0.836360	28.502000	
0.838290	28.537000	
0.839210	28.572000	
0.840060	28.607000	
0.840910	28.642000	
0.841770	28.677000	
0.842620	28.712000	
0.855480	28.747000	
0.866150	28.781000	
0.867000	28.816000	
0.867860	28.851000	
0.868710	28.885000	
0.869560	28.920000	
0.870410	28.955000	
0.871520	28.989000	
0.872380	29.024000	
0.873420	29.058000	
0.874350	29.093000	
0.875460	29.127000	
0.876390	29.161000	
0.877270	29.196000	
0.879190	29.230000	
0.880110	29.264000	
0.880960	29.298000	
0.881820	29.332000	
0.882670	29.366000	
0.883520	29.400000	
0.896380	29.434000	
0.907050	29.468000	
0.907900	29.502000	
0.908760	29.536000	
0.909610	29.570000	
0.910460	29.604000	
0.911320	29.638000	
0.912420	29.671000	
0.913280	29.705000	
0.914320	29.739000	
0.915250	29.772000	
0.916360	29.806000	
0.917300	29.840000	
0.918170	29.873000	
0.920090	29.907000	
0.921010	29.940000	
0.921870	29.973000	
0.922720	30.007000	
0.923570	30.040000	
0.924420	30.073000	
0.937290	30.107000	
0.947950	30.140000	
0.948810	30.173000	
0.949660	30.206000	
0.950510	30.239000	
0.951370	30.272000	
0.952220	30.305000	
0.953330	30.338000	
0.954180	30.371000	
0.955220	30.404000	
0.956150	30.437000	
0.957260	30.470000	
0.958200	30.503000	
0.959070	30.536000	
0.960990	30.568000	
0.961920	30.601000	
0.962770	30.634000	
0.963620	30.666000	
0.964470	30.699000	
0.965330	30.732000	
0.978190	30.764000	
0.988860	30.797000	
0.989710	30.829000	
0.990560	30.862000	
0.991420	30.894000	
0.992270	30.926000	
0.993120	30.959000	
0.994230	30.991000	
0.995080	31.023000	
0.996120	31.055000	
0.997060	31.088000	
0.998170	31.120000	
0.999100	31.152000	
0.999970	31.184000	
1.001900	31.216000	
1.002820	31.248000	
1.003670	31.280000	
1.004520	31.312000	
1.005380	31.344000	
1.006230	31.376000	
1.019090	31.408000	
1.029760	31.440000	
1.030610	31.471000	
1.031460	31.503000	
1.032320	31.535000	
1.033170	31.567000	
1.034020	31.598000	
1.035130	31.630000	
1.035980	31.662000	
1.037020	31.693000	
1.037960	31.725000	
1.039070	31.756000	
1.040000	31.788000	
1.040880	31.819000	
1.042800	31.851000	
1.043720	31.882000	
1.044570	31.913000	
1.045430	31.945000	
1.046280	31.976000	
1.047130	32.007000	
1.059990	32.039000	
1.070660	32.070000	
1.071510	32.101000	
1.072370	32.132000	
1.073220	32.163000	
1.074070	32.194000	
1.074930	32.225000	
1.076030	32.256000	
1.076890	32.287000	
1.077930	32.318000	
1.078860	32.349000	
1.079970	32.380000	
1.080900	32.411000	
1.081780	32.442000	
1.083700	32.473000	
1.084620	32.504000	
1.085480	32.534000	
1.086330	32.565000	
1.087180	32.596000	
1.088030	32.627000	
1.100900	32.657000	
1.111560	32.688000	
1.112420	32.718000	
1.113270	32.749000	
1.114120	32.779000	
1.114980	32.810000	
1.115830	32.840000	
1.116940	32.871000	
1.117790	32.901000	
1.118830	32.932000	
1.119760	32.962000	
1.120870	32.992000	
1.121810	33.023000	
1.122680	33.053000	
1.124600	33.083000	
1.125530	33.114000	
1.126380	33.144000	
1.127230	33.174000	
1.128080	33.204000	
1.128940	33.234000	
1.141800	33.264000	
1.152470	33.294000	
1.153320	33.324000	
1.154170	33.354000	
1.155020	33.384000	
1.155880	33.414000	
1.156730	33.444000	
1.157840	33.474000	
1.158690	33.504000	
1.159730	33.534000	
1.160670	33.564000	
1.161780	33.593000	
1.162710	33.623000	
1.163580	33.653000	
1.165510	33.683000	
1.166430	33.712000	
1.167280	33.742000	
1.168130	33.772000	
1.168990	33.801000	
1.169840	33.831000	
1.182700	33.860000	
1.193370	33.890000	
1.194220	33.919000	
1.195070	33.949000	
1.195930	33.978000	
1.196780	34.008000	
1.197630	34.037000	
1.198740	34.067000	
1.199590	34.096000	
1.200630	34.125000	
1.201570	34.155000	
1.202680	34.184000	
1.203610	34.213000	
1.204490	34.242000	
1.206410	34.272000	
1.207330	34.301000	
1.208180	34.330000	
1.209040	34.359000	
1.209890	34.388000	
1.210740	34.417000	
1.223600	34.446000	
1.234270	34.475000	
1.235120	34.504000	
1.235980	34.533000	
1.236830	34.562000	
1.237680	34.591000	
1.238540	34.620000	
1.239640	34.649000	
1.240500	34.678000	
1.241540	34.707000	
1.242470	34.735000	
1.243580	34.764000	
1.244510	34.793000	
1.245390	34.822000	
1.247310	34.850000	
1.248230	34.879000	
1.249090	34.908000	
1.249940	34.936000	
1.250790	34.965000	
1.251640	34.994000	
1.264500	35.022000	
1.275170	35.051000	
1.276030	35.079000	
1.276880	35.108000	
1.277730	35.136000	
1.278580	35.165000	
1.279440	35.193000	
1.280550	35.222000	
1.281400	35.250000	
1.282440	35.278000	
1.283370	35.307000	
1.284480	35.335000	
1.285420	35.363000	
1.286290	35.392000	
1.288210	35.420000	
1.289140	35.448000	
1.289990	35.476000	
1.290840	35.505000	
1.291690	35.533000	
1.292550	35.561000	
1.305410	35.589000	
1.316080	35.617000	
1.316930	35.645000	
1.317780	35.673000	
1.318630	35.701000	
1.319490	35.729000	
1.320340	35.757000	
1.321450	35.785000	
1.322300	35.813000	
1.323340	35.841000	
1.324280	35.869000	
1.325380	35.897000	
1.326320	35.925000	
1.327190	35.953000	
1.329120	35.980000	
1.330040	36.008000	
1.330890	36.036000	
1.331740	36.064000	
1.332600	36.091000	
1.333450	36.119000	
1.346310	36.147000	
1.356980	36.174000	
1.357830	36.202000	
1.358680	36.230000	
1.359540	36.257000	
1.360390	36.285000	
1.361240	36.312000	
1.362350	36.340000	
1.363200	36.368000	
1.364240	36.395000	
1.365180	36.423000	
1.366290	36.450000	
1.367220	36.477000	
1.368100	36.505000	
1.370020	36.532000	
1.370940	36.560000	
1.371790	36.587000	
1.372650	36.614000	
1.373500	36.642000	
1.374350	36.669000	
1.387210	36.696000	
1.397880	36.723000	
1.398730	36.751000	
1.399590	36.778000	
1.400440	36.805000	
1.401290	36.832000	
1.402140	36.859000	
1.403250	36.886000	
1.404110	36.914000	
1.405150	36.941000	
1.406080	36.968000	
1.407190	36.995000	
1.408120	37.022000	
1.409000	37.049000	
1.410920	37.076000	
1.411840	37.103000	
1.412700	37.130000	
1.413550	37.157000	
1.414400	37.184000	
1.415250	37.210000	
1.428110	37.237000	
1.438780	37.264000	
1.439640	37.291000	
1.440490	37.318000	
1.441340	37.345000	
1.442190	37.371000	
1.443050	37.398000	
1.444160	37.425000	
1.445010	37.452000	
1.446050	37.478000	
1.446980	37.505000	
1.448090	37.532000	
1.449030	37.558000	
1.449900	37.585000	
1.451820	37.612000	
1.452740	37.638000	
1.453600	37.665000	
1.454450	37.691000	
1.455300	37.718000	
1.456160	37.744000	
1.469020	37.771000	
1.479690	37.797000	
1.480540	37.824000	
1.481390	37.850000	
1.482240	37.877000	
1.483100	37.903000	
1.483950	37.929000	
1.485060	37.956000	
1.485910	37.982000	
1.486950	38.008000	
1.487890	38.035000	
1.488990	38.061000	
1.489930	38.087000	
1.490800	38.114000	
1.492730	38.140000	
1.493650	38.166000	
1.494500	38.192000	
1.495350	38.218000	
1.496210	38.245000	
1.497060	38.271000	
1.509920	38.297000	
1.520590	38.323000	
1.521440	38.349000	
1.522290	38.375000	
1.523150	38.401000	
1.524000	38.427000	
1.524850	38.453000	
1.525960	38.479000	
1.526810	38.505000	
1.527850	38.531000	
1.528790	38.557000	
1.529900	38.583000	
1.530830	38.609000	
1.531700	38.635000	
1.533630	38.661000	
1.534550	38.687000	
1.535400	38.713000	
1.536260	38.738000	
1.537110	38.764000	
1.537960	38.790000	
1.550820	38.816000	
1.561490	38.842000	
1.562340	38.867000	
1.563200	38.893000	
1.564050	38.919000	
1.564900	38.944000	
1.565750	38.970000	
1.566860	38.996000	
1.567720	39.021000	
1.568760	39.047000	
1.569690	39.073000	
1.570800	39.098000	
1.571730	39.124000	
1.572610	39.149000	
1.574530	39.175000	
1.575450	39.200000	
1.576300	39.226000	
1.577160	39.251000	
1.578010	39.277000	
1.578860	39.302000	
1.591720	39.328000	
1.602390	39.353000	
1.603250	39.379000	
1.604100	39.404000	
1.604950	39.429000	
1.605800	39.455000	
1.606660	39.480000	
1.607770	39.505000	
1.608620	39.531000	
1.609660	39.556000	
1.610590	39.581000	
1.611700	39.607000	
1.612640	39.632000	
1.613510	39.657000	
1.615430	39.682000	
1.616350	39.708000	
1.617210	39.733000	
1.618060	39.758000	
1.618910	39.783000	
1.619770	39.808000	
1.632630	39.833000	
1.643300	39.858000	
1.644150	39.883000	
1.645000	39.909000	
1.645850	39.934000	
1.646710	39.959000	
1.647560	39.984000	
1.648670	40.009000	
1.649520	40.034000	
1.650560	40.059000	
1.651500	40.084000	
1.652600	40.109000	
1.653540	40.133000	
1.654410	40.158000	
1.656340	40.183000	
1.657260	40.208000	
1.658110	40.233000	
1.658960	40.258000	
1.659820	40.283000	
1.660670	40.308000	
1.673530	40.332000	
1.684200	40.357000	
1.685050	40.382000	
1.685900	40.407000	
1.686760	40.431000	
1.687610	40.456000	
1.688460	40.481000	
1.689570	40.506000	
1.690420	40.530000	
1.691460	40.555000	
1.692400	40.580000	
1.693510	40.604000	
1.694440	40.629000	
1.695310	40.654000	
1.697240	40.678000	
1.698160	40.703000	
1.699010	40.727000	
1.699860	40.752000	
1.700720	40.776000	
1.701570	40.801000	
1.714430	40.825000	
1.725100	40.850000	
1.725950	40.874000	
1.726810	40.899000	
1.727660	40.923000	
1.728510	40.948000	
1.729360	40.972000	
1.730470	40.997000	
1.731330	41.021000	
1.732370	41.045000	
1.733300	41.070000	
1.734410	41.094000	
1.735340	41.118000	
1.736220	41.143000	
1.738140	41.167000	
1.739060	41.191000	
1.739910	41.216000	
1.740770	41.240000	
1.741620	41.264000	
1.742470	41.288000	
1.755330	41.313000	
1.766000	41.337000	
1.766860	41.361000	
1.767710	41.385000	
1.768560	41.409000	
1.769410	41.433000	
1.770270	41.458000	
1.771380	41.482000	
1.772230	41.506000	
1.773270	41.530000	
1.774200	41.554000	
1.775310	41.578000	
1.776250	41.602000	
1.777120	41.626000	
1.779040	41.650000	
1.779960	41.674000	
1.780820	41.698000	
1.781670	41.722000	
1.782520	41.746000	
1.783380	41.770000	
1.796240	41.794000	
1.806900	41.818000	
1.807760	41.842000	
1.808610	41.866000	
1.809460	41.890000	
1.810320	41.913000	
1.811170	41.937000	
1.812280	41.961000	
1.813130	41.985000	
1.814170	42.009000	
1.815100	42.033000	
1.816210	42.056000	
1.817150	42.080000	
1.818020	42.104000	
1.819940	42.128000	
1.820870	42.151000	
1.821720	42.175000	
1.822570	42.199000	
1.823420	42.223000	
1.824280	42.246000	
1.837140	42.270000	
1.847810	42.294000	
1.848660	42.317000	
1.849510	42.341000	
1.850370	42.365000	
1.851220	42.388000	
1.852070	42.412000	
1.853180	42.435000	
1.854030	42.459000	
1.855070	42.482000	
1.856010	42.506000	
1.857120	42.529000	
1.858050	42.553000	
1.858920	42.576000	
1.860850	42.600000	
1.861770	42.623000	
1.862620	42.647000	
1.863470	42.670000	
1.864330	42.694000	
1.865180	42.717000	
1.878040	42.741000	
1.888710	42.764000	
1.889560	42.787000	
1.890420	42.811000	
1.891270	42.834000	
1.892120	42.857000	
1.892970	42.881000	
1.894080	42.904000	
1.894940	42.927000	
1.895980	42.951000	
1.896910	42.974000	
1.898020	42.997000	
1.898950	43.021000	
1.899830	43.044000	
1.901750	43.067000	
1.902670	43.090000	
1.903520	43.113000	
1.904380	43.137000	
1.905230	43.160000	
1.906080	43.183000	
1.918940	43.206000	
1.929610	43.229000	
1.930460	43.252000	
1.931320	43.276000	
1.932170	43.299000	
1.933020	43.322000	
1.933880	43.345000	
1.934980	43.368000	
1.935840	43.391000	
1.936880	43.414000	
1.937810	43.437000	
1.938920	43.460000	
1.939860	43.483000	
1.940730	43.506000	
1.942650	43.529000	
1.943570	43.552000	
1.944430	43.575000	
1.945280	43.598000	
1.946130	43.621000	
1.946980	43.644000	
1.959850	43.667000	
1.970510	43.690000	
1.971370	43.712000	
1.972220	43.735000	
1.973070	43.758000	
1.973930	43.781000	
1.974780	43.804000	
1.975890	43.827000	
1.976740	43.850000	
1.977780	43.872000	
1.978710	43.895000	
1.979820	43.918000	
1.980760	43.941000	
1.981630	43.963000	
1.983550	43.986000	
1.984480	44.009000	
1.985330	44.032000	
1.986180	44.054000	
1.987030	44.077000	
1.987890	44.100000	
2.000750	44.122000	
2.011420	44.145000	
2.012270	44.168000	
2.013120	44.190000	
2.013980	44.213000	
2.014830	44.236000	
2.015680	44.258000	
2.016790	44.281000	
2.017640	44.303000	
2.018680	44.326000	
2.019620	44.349000	
2.020910	44.371000	
2.021660	44.394000	
2.022530	44.416000	
2.024460	44.439000	
2.025380	44.461000	
2.026230	44.484000	
2.027080	44.506000	
2.027940	44.529000	
2.028790	44.551000	
2.228790	1.000000	
2.540900	2.000000	
2.581800	3.000000	
2.582660	4.000000	
2.622710	5.000000	
2.623560	6.000000	
2.624410	7.000000	
2.625270	8.000000	
2.663610	9.000000	
2.664460	10.000000	
2.665320	11.000000	
2.666170	12.000000	
2.667020	13.000000	
2.667870	14.000000	
2.668730	15.000000	
2.669580	16.000000	
2.704510	17.000000	
2.705360	18.000000	
2.706220	19.000000	
2.707070	20.000000	
2.707920	20.050000	
2.708780	20.100000	
2.709630	20.150000	
2.710480	20.199000	
2.711330	20.249000	
2.712190	20.298000	
2.713040	20.347000	
2.713890	20.397000	
2.714750	20.446000	
2.715600	20.494000	
2.716470	20.543000	
2.717350	20.592000	
2.745950	20.641000	
2.746820	20.689000	
2.748550	20.737000	
2.749400	20.786000	
2.750260	20.834000	
2.751110	20.882000	
2.751960	20.930000	
2.752810	20.977000	
2.753670	21.025000	
2.754520	21.073000	
2.755370	21.120000	
2.756220	21.167000	
2.757080	21.215000	
2.757930	21.262000	
2.758780	21.309000	
2.760860	21.356000	
2.761150	21.403000	
2.762020	21.449000	
2.762900	21.496000	
2.763820	21.542000	
2.791910	21.589000	
2.792760	21.635000	
2.793620	21.681000	
2.794470	21.727000	
2.795320	21.773000	
2.796180	21.819000	
2.797030	21.865000	
2.797880	21.911000	
2.798730	21.957000	
2.799590	22.002000	
2.800440	22.048000	
2.801530	22.093000	
2.802470	22.138000	
2.803320	22.183000	
2.804170	22.228000	
2.805020	22.273000	
2.806290	22.318000	
2.808320	22.363000	
2.808580	22.408000	
2.809510	22.453000	
2.834950	22.497000	
2.835800	22.542000	
2.836650	22.586000	
2.837510	22.630000	
2.838360	22.674000	
2.839210	22.718000	
2.840060	22.762000	
2.840920	22.806000	
2.841770	22.850000	
2.842700	22.894000	
2.843640	22.938000	
2.844570	22.981000	
2.845490	23.025000	
2.846420	23.068000	
2.847270	23.112000	
2.848190	23.155000	
2.849070	23.198000	
2.849920	23.241000	
2.850770	23.284000	
2.851630	23.327000	
2.876110	23.370000	
2.877540	23.413000	
2.878470	23.455000	
2.881360	23.498000	
2.882350	23.541000	
2.883280	23.583000	
2.884320	23.626000	
2.885170	23.668000	
2.886040	23.710000	
2.886900	23.752000	
2.887750	23.794000	
2.888600	23.836000	
2.889530	23.878000	
2.890380	23.920000	
2.891230	23.962000	
2.892090	24.004000	
2.892940	24.045000	
2.894060	24.087000	
2.897470	24.129000	
2.898460	24.170000	
2.921700	24.211000	
2.921830	24.253000	
2.921890	24.294000	
2.927560	24.335000	
2.928410	24.376000	
2.929270	24.417000	
2.930120	24.458000	
2.930970	24.499000	
2.931820	24.540000	
2.932680	24.581000	
2.933530	24.621000	
2.934380	24.662000	
2.935260	24.702000	
2.936130	24.743000	
2.937060	24.783000	
2.939010	24.824000	
2.939880	24.864000	
2.940760	24.904000	
2.941630	24.944000	
2.944410	24.984000	
2.964410	25.024000	
2.964500	25.064000	
2.970720	25.104000	
2.970940	25.144000	
2.971800	25.184000	
2.972650	25.224000	
2.973500	25.263000	
2.974360	25.303000	
2.975210	25.342000	
2.976460	25.382000	
2.977470	25.421000	
2.978400	25.461000	
2.978650	25.500000	
2.979590	25.539000	
2.980460	25.578000	
2.981340	25.617000	
2.982260	25.656000	
2.983190	25.695000	
2.984120	25.734000	
2.986170	25.773000	
3.006210	25.812000	
3.006270	25.851000	
3.015310	25.889000	
3.016230	25.928000	
3.017720	25.967000	
3.017980	26.005000	
3.018900	26.044000	
3.019830	26.082000	
3.020700	26.120000	
3.021570	26.159000	
3.022430	26.197000	
3.023350	26.235000	
3.024230	26.273000	
3.025080	26.311000	
3.025950	26.349000	
3.027980	26.387000	
3.028110	26.425000	
3.028960	26.463000	
3.029820	26.501000	
3.030670	26.538000	
3.047160	26.576000	
3.047970	26.614000	
3.056210	26.651000	
3.057130	26.689000	
3.058620	26.726000	
3.059480	26.764000	
3.060330	26.801000	
3.061180	26.838000	
3.062030	26.876000	
3.062890	26.913000	
3.063740	26.950000	
3.064590	26.987000	
3.065450	27.024000	
3.066300	27.061000	
3.067150	27.098000	
3.068930	27.135000	
3.069730	27.172000	
3.070590	27.209000	
3.071440	27.245000	
3.072290	27.282000	
3.088060	27.319000	
3.088920	27.355000	
3.097110	27.392000	
3.098040	27.428000	
3.099530	27.465000	
3.100380	27.501000	
3.101230	27.538000	
3.102080	27.574000	
3.102940	27.610000	
3.103790	27.646000	
3.104640	27.683000	
3.105500	27.719000	
3.106350	27.755000	
3.107200	27.791000	
3.108050	27.827000	
3.109830	27.863000	
3.110680	27.899000	
3.111530	27.934000	
3.112390	27.970000	
3.113240	28.006000	
3.128970	28.042000	
3.129820	28.077000	
3.138010	28.113000	
3.138940	28.149000	
3.140430	28.184000	
3.141280	28.220000	
3.142130	28.255000	
3.142990	28.290000	
3.143840	28.326000	
3.144690	28.361000	
3.145540	28.396000	
3.146400	28.432000	
3.147250	28.467000	
3.148100	28.502000	
3.148960	28.537000	
3.150730	28.572000	
3.151580	28.607000	
3.152440	28.642000	
3.153290	28.677000	
3.154140	28.712000	
3.169870	28.747000	
3.170720	28.781000	
3.178920	28.816000	
3.179840	28.851000	
3.181330	28.885000	
3.182180	28.920000	
3.183040	28.955000	
3.183890	28.989000	
3.184740	29.024000	
3.185590	29.058000	
3.186450	29.093000	
3.187300	29.127000	
3.188150	29.161000	
3.189010	29.196000	
3.189860	29.230000	
3.191630	29.264000	
3.192490	29.298000	
3.193340	29.332000	
3.194190	29.366000	
3.195040	29.400000	
3.210770	29.434000	
3.211620	29.468000	
3.219820	29.502000	
3.220740	29.536000	
3.222230	29.570000	
3.223090	29.604000	
3.223940	29.638000	
3.224790	29.671000	
3.225640	29.705000	
3.226500	29.739000	
3.227350	29.772000	
3.228200	29.806000	
3.229060	29.840000	
3.229910	29.873000	
3.230760	29.907000	
3.232540	29.940000	
3.233390	29.973000	
3.234240	30.007000	
3.235090	30.040000	
3.235950	30.073000	
3.251670	30.107000	
3.252530	30.140000	
3.260720	30.173000	
3.261640	30.206000	
3.263140	30.239000	
3.263990	30.272000	
3.264840	30.305000	
3.265690	30.338000	
3.266550	30.371000	
3.267400	30.404000	
3.268250	30.437000	
3.269100	30.470000	
3.269960	30.503000	
3.270810	30.536000	
3.271660	30.568000	
3.273440	30.601000	
3.274290	30.634000	
3.275140	30.666000	
3.276000	30.699000	
3.276850	30.732000	
3.292580	30.764000	
3.293430	30.797000	
3.301620	30.829000	
3.302550	30.862000	
3.304040	30.894000	
3.304890	30.926000	
3.305740	30.959000	
3.306600	30.991000	
3.307450	31.023000	
3.308300	31.055000	
3.309150	31.088000	
3.310010	31.120000	
3.310860	31.152000	
3.311710	31.184000	
3.312570	31.216000	
3.314340	31.248000	
3.315190	31.280000	
3.316050	31.312000	
3.316900	31.344000	
3.317750	31.376000	
3.333480	31.408000	
3.334330	31.440000	
3.342520	31.471000	
3.343450	31.503000	
3.344940	31.535000	
3.345790	31.567000	
3.346650	31.598000	
3.347500	31.630000	
3.348350	31.662000	
3.349200	31.693000	
3.350060	31.725000	
3.350910	31.756000	
3.351760	31.788000	
3.352620	31.819000	
3.353470	31.851000	
3.355240	31.882000	
3.356100	31.913000	
3.356950	31.945000	
3.357800	31.976000	
3.358650	32.007000	
3.374380	32.039000	
3.375230	32.070000	
3.383430	32.101000	
3.384350	32.132000	
3.385840	32.163000	
3.386700	32.194000	
3.387550	32.225000	
3.388400	32.256000	
3.389250	32.287000	
3.390110	32.318000	
3.390960	32.349000	
3.391810	32.380000	
3.392660	32.411000	
3.393520	32.442000	
3.394370	32.473000	
3.396140	32.504000	
3.397000	32.534000	
3.397850	32.565000	
3.398700	32.596000	
3.399560	32.627000	
3.415280	32.657000	
3.416140	32.688000	
3.424330	32.718000	
3.425250	32.749000	
3.426740	32.779000	
3.427600	32.810000	
3.428450	32.840000	
3.429300	32.871000	
3.430160	32.901000	
3.431010	32.932000	
3.431860	32.962000	
3.432710	32.992000	
3.433570	33.023000	
3.434420	33.053000	
3.435270	33.083000	
3.437050	33.114000	
3.437900	33.144000	
3.438750	33.174000	
3.439610	33.204000	
3.440460	33.234000	
3.456180	33.264000	
3.457040	33.294000	
3.465230	33.324000	
3.466160	33.354000	
3.467650	33.384000	
3.468500	33.414000	
3.469350	33.444000	
3.470210	33.474000	
3.471060	33.504000	
3.471910	33.534000	
3.472760	33.564000	
3.473620	33.593000	
3.474470	33.623000	
3.475320	33.653000	
3.476180	33.683000	
3.477950	33.712000	
3.478800	33.742000	
3.479660	33.772000	
3.480510	33.801000	
3.481360	33.831000	
3.497090	33.860000	
3.497940	33.890000	
3.506130	33.919000	
3.507060	33.949000	
3.508550	33.978000	
3.509400	34.008000	
3.510260	34.037000	
3.511110	34.067000	
3.511960	34.096000	
3.512810	34.125000	
3.513670	34.155000	
3.514520	34.184000	
3.515370	34.213000	
3.516220	34.242000	
3.517080	34.272000	
3.518850	34.301000	
3.519700	34.330000	
3.520560	34.359000	
3.521410	34.388000	
3.522260	34.417000	
3.537990	34.446000	
3.538840	34.475000	
3.547040	34.504000	
3.547960	34.533000	
3.549450	34.562000	
3.550300	34.591000	
3.551160	34.620000	
3.552010	34.649000	
3.552860	34.678000	
3.553720	34.707000	
3.554570	34.735000	
3.555420	34.764000	
3.556270	34.793000	
3.557130	34.822000	
3.557980	34.850000	
3.559750	34.879000	
3.560610	34.908000	
3.561460	34.936000	
3.562310	34.965000	
3.563170	34.994000	
3.578890	35.022000	
3.579740	35.051000	
3.587940	35.079000	
3.588860	35.108000	
3.590350	35.136000	
3.591210	35.165000	
3.592060	35.193000	
3.592910	35.222000	
3.593770	35.250000	
3.594620	35.278000	
3.595470	35.307000	
3.596320	35.335000	
3.597180	35.363000	
3.598030	35.392000	
3.598880	35.420000	
3.600660	35.448000	
3.601510	35.476000	
3.602360	35.505000	
3.603220	35.533000	
3.604070	35.561000	
3.619790	35.589000	
3.620650	35.617000	
3.628840	35.645000	
3.629770	35.673000	
3.631260	35.701000	
3.632110	35.729000	
3.632960	35.757000	
3.633820	35.785000	
3.634670	35.813000	
3.635520	35.841000	
3.636370	35.869000	
3.637230	35.897000	
3.638080	35.925000	
3.638930	35.953000	
3.639780	35.980000	
3.641560	36.008000	
3.642410	36.036000	
3.643260	36.064000	
3.644120	36.091000	
3.644970	36.119000	
3.660700	36.147000	
3.661550	36.174000	
3.669740	36.202000	
3.670670	36.230000	
3.672160	36.257000	
3.673010	36.285000	
3.673860	36.312000	
3.674720	36.340000	
3.675570	36.368000	
3.676420	36.395000	
3.677280	36.423000	
3.678130	36.450000	
3.678980	36.477000	
3.679830	36.505000	
3.680690	36.532000	
3.682460	36.560000	
3.683310	36.587000	
3.684170	36.614000	
3.685020	36.642000	
3.685870	36.669000	
3.701600	36.696000	
3.702450	36.723000	
3.710650	36.751000	
3.711570	36.778000	
3.713060	36.805000	
3.713910	36.832000	
3.714770	36.859000	
3.715620	36.886000	
3.716470	36.914000	
3.717330	36.941000	
3.718180	36.968000	
3.719030	36.995000	
3.719880	37.022000	
3.720740	37.049000	
3.721590	37.076000	
3.723360	37.103000	
3.724220	37.130000	
3.725070	37.157000	
3.725920	37.184000	
3.726780	37.210000	
3.742500	37.237000	
3.743350	37.264000	
3.751550	37.291000	
3.752470	37.318000	
3.753960	37.345000	
3.754820	37.371000	
3.755670	37.398000	
3.756520	37.425000	
3.757380	37.452000	
3.758230	37.478000	
3.759080	37.505000	
3.759930	37.532000	
3.760790	37.558000	
3.761640	37.585000	
3.762490	37.612000	
3.764270	37.638000	
3.765120	37.665000	
3.765970	37.691000	
3.766820	37.718000	
3.767680	37.744000	
3.783400	37.771000	
3.784260	37.797000	
3.792450	37.824000	
3.793380	37.850000	
3.794870	37.877000	
3.795720	37.903000	
3.796570	37.929000	
3.797420	37.956000	
3.798280	37.982000	
3.799130	38.008000	
3.799980	38.035000	
3.800840	38.061000	
3.801690	38.087000	
3.802540	38.114000	
3.803390	38.140000	
3.805170	38.166000	
3.806020	38.192000	
3.806870	38.218000	
3.807730	38.245000	
3.808580	38.271000	
3.824310	38.297000	
3.825160	38.323000	
3.833350	38.349000	
3.834280	38.375000	
3.835770	38.401000	
3.836620	38.427000	
3.837470	38.453000	
3.838330	38.479000	
3.839180	38.505000	
3.840030	38.531000	
3.840890	38.557000	
3.841740	38.583000	
3.842590	38.609000	
3.843440	38.635000	
3.844300	38.661000	
3.846070	38.687000	
3.846920	38.713000	
3.847780	38.738000	
3.848630	38.764000	
3.849480	38.790000	
3.865210	38.816000	
3.866060	38.842000	
3.874260	38.867000	
3.875180	38.893000	
3.876670	38.919000	
3.877520	38.944000	
3.878380	38.970000	
3.879230	38.996000	
3.880080	39.021000	
3.880940	39.047000	
3.881790	39.073000	
3.882640	39.098000	
3.883490	39.124000	
3.884350	39.149000	
3.885200	39.175000	
3.886970	39.200000	
3.887830	39.226000	
3.888680	39.251000	
3.889530	39.277000	
3.890380	39.302000	
3.906110	39.328000	
3.906960	39.353000	
3.915160	39.379000	
3.916080	39.404000	
3.917570	39.429000	
3.918430	39.455000	
3.919280	39.480000	
3.920130	39.505000	
3.920980	39.531000	
3.921840	39.556000	
3.922690	39.581000	
3.923540	39.607000	
3.924400	39.632000	
3.925250	39.657000	
3.926100	39.682000	
3.927880	39.708000	
3.928730	39.733000	
3.929580	39.758000	
3.930430	39.783000	
3.931290	39.808000	
3.947010	39.833000	
3.947870	39.858000	
3.956060	39.883000	
3.956990	39.909000	
3.958480	39.934000	
3.959330	39.959000	
3.960180	39.984000	
3.961030	40.009000	
3.961890	40.034000	
3.962740	40.059000	
3.963590	40.084000	
3.964450	40.109000	
3.965300	40.133000	
3.966150	40.158000	
3.967000	40.183000	
3.968780	40.208000	
3.969630	40.233000	
3.970480	40.258000	
3.971340	40.283000	
3.972190	40.308000	
3.987920	40.332000	
3.988770	40.357000	
3.996960	40.382000	
3.997890	40.407000	
3.999380	40.431000	
4.000230	40.456000	
4.001080	40.481000	
4.001940	40.506000	
4.002790	40.530000	
4.003640	40.555000	
4.004500	40.580000	
4.005350	40.604000	
4.006200	40.629000	
4.007050	40.654000	
4.007910	40.678000	
4.009680	40.703000	
4.010530	40.727000	
4.011390	40.752000	
4.012240	40.776000	
4.013090	40.801000	
4.028820	40.825000	
4.029670	40.850000	
4.037870	40.874000	
4.038790	40.899000	
4.040280	40.923000	
4.240280	1.000000	
